0
13
15
3
6
9
6
4
5
11
0
14
10
0
9
4
7
10
12
5
2
14
1
9
1
6
14
11
0
10
12
14
13
1
10
0
0
10
12
11
4
1
12
6
14
9
3
14
11
4
13
11
10
14
4
13
14
14
14
12
0
6
15
15
3
12
6
2
3
4
11
14
2
0
14
4
1
12
4
4
15
8
2
14
5
4
8
15
8
9
3
8
1
15
11
0
8
2
6
14
11
7
0
5
0
0
8
2
14
11
8
6
0
6
6
12
7
14
1
14
7
1
13
14
11
4
9
3
10
13
12
9
3
7
12
0
4
13
15
15
3
10
5
9
10
1
4
5
13
11
0
8
14
10
2
0
5
2
4
15
9
10
0
7
5
10
8
14
5
4
9
5
8
6
10
15
11
0
8
10
0
11
14
5
7
1
10
2
0
0
8
10
0
15
11
0
5
1
0
11
6
10
7
9
15
8
14
15
2
4
5
15
11
10
10
14
0
5
13
10
11
14
10
3
12
0
8
6
15
15
7
3
6
11
4
10
13
8
4
13
10
13
2
0
12
14
2
5
0
4
2
9
4
15
3
9
2
9
11
5
2
1
11
7
2
2
9
9
0
11
9
13
7
11
0
0
9
2
9
13
14
13
14
4
8
4
1
0
0
0
9
2
9
7
11
4
10
4
0
9
13
6
6
15
4
14
6
12
14
11
5
2
5
11
7
11
2
5
11
3
9
10
13
6
7
11
11
13
9
12
0
0
13
13
15
15
3
3
6
6
9
9
6
6
4
4
5
5
11
11
0
0
14
14
10
10
0
0
9
9
4
4
7
7
10
10
12
12
5
5
2
2
14
14
1
1
9
9
1
1
6
6
14
14
11
11
0
0
10
10
12
12
14
14
13
13
1
1
10
10
0
0
0
0
10
10
12
12
11
11
4
4
1
1
12
12
6
6
14
14
9
9
3
3
14
14
11
11
4
4
13
13
11
11
10
10
14
14
4
4
13
13
14
14
14
14
14
14
12
12
0
10
15
15
1
6
2
11
1
2
5
6
3
0
15
10
1
4
6
2
7
4
3
15
2
2
12
7
8
12
1
12
8
15
13
0
4
3
7
15
13
3
8
6
0
0
4
3
15
13
4
2
0
7
3
14
3
15
0
15
11
9
4
15
13
10
13
3
9
14
14
13
11
7
14
0
4
15
15
15
0
6
5
10
6
1
5
5
13
10
0
8
15
10
2
0
9
2
5
7
9
10
12
7
5
2
8
15
1
4
10
1
8
5
14
15
10
0
8
10
12
11
15
13
7
0
10
2
0
0
8
10
12
15
10
4
5
0
12
11
5
14
7
10
3
8
15
11
2
5
13
15
10
10
10
15
4
5
15
14
11
15
14
3
15
0
8
6
15
15
7
2
6
11
4
10
13
8
4
5
10
13
2
0
12
15
10
5
0
4
2
9
4
7
3
13
2
11
11
4
2
1
15
7
0
2
9
1
0
11
9
15
7
11
0
0
13
2
11
13
15
13
14
0
8
6
1
0
0
0
13
2
11
7
11
4
10
0
0
11
13
6
14
15
4
14
4
12
15
11
5
2
5
11
7
11
10
5
15
3
9
10
13
14
7
15
11
15
9
13
0
0
13
13
15
15
3
3
6
6
9
9
6
6
4
4
5
5
11
11
0
0
14
14
10
10
0
0
9
9
4
4
7
7
10
10
12
12
5
5
2
2
14
14
1
1
9
9
1
1
6
6
14
14
11
11
0
0
10
10
12
12
14
14
13
13
1
1
10
10
0
0
0
0
10
10
12
12
11
11
4
4
1
1
12
12
6
6
14
14
9
9
3
3
14
14
11
11
4
4
13
13
11
11
10
10
14
14
4
4
13
13
14
14
14
14
14
14
12
12
0
